1126015061
3284622328
53363538
3862593115
3663551252
1800665838
194450685
3585014195
1885607865
1111646552
2730385794
2020027500
25121323
786707395
1324963253
245621854
3289419234
1035278081
3400229858
1883522592
2990630676
3618683066
745589891
1677414562
1235381071
858055511
1240048610
756953317
2378692918
213140246
1491640741
1778955903
1327722682
2475242869
3586670333
521350736
2979849229
2816086279
2804342750
259706132
3903631169
1111618415
2219999797
1304607974
1124337152
915804866
2485696855
309737552
1845172321
440601176
1412293014
3494502846
3998545438
2118101200
3172268708
2281586820
4145210542
1697498725
2752981643
1452608033
1583709662
4098368179
1673226061
1420358080
3874726339
1713351498
3119449430
2700893486
3288898007
1111579524
4003875256
3064069387
1583341179
3496206751
978124289
70420815
1436231282
3366265873
1740402707
3154653986
3316352461
1307278117
3047460497
3951064025
3416162784
428174017
4251673193
3398529387
1202290879
4170589157
403309141
1415342310
3798378800
2062629060
2171701714
410935087
1385576622
3813863761
946806748
1346213339
3704995670
1715670315
3911487078
836916966
438629867
2449506606
1300358680
2228352115
4264096764
204217604
3495573589
1966884279
378226424
2117175129
1947262958
2860056947
299181205
3482811662
4107566168
2539354064
2175790589
2494657440
738770328
270059858
3799179168
3311424342
3074594947
529894222
3663066114
3017927262
3673643524
388971610
3267063140
970029026
2698074445
3897230546
1684531002
853679873
1160465795
3041907337
110502978
720779936
3612213141
2747675833
2806408503
1468881270
441683956
4107787701
2284925643
3384880613
2899461203
1398178353
3979571783
3762367552
1773997786
1879124471
607421483
4294778162
269191807
3486266360
3334554674
2122134034
639505315
3711940179
1022793462
3842944605
436350947
1145260464
2220457118
1447513829
2850539474
2146417954
902774659
1233466096
2206435921
2955941416
3234853858
2137701880
775121040
2975023928
4168205556
813809477
705436925
1758500806
3540558514
2256571002
1446629276
1608899157
1901711815
1323601918
2454379416
2480456093
1588410897
3972736120
2757390239
2347858871
323297594
2421436513
1596966678
2894084940
3270410306
2799839303
28897594
3414652884
1405478699
2450397333
3717011190
81282798
2841345778
2636686541
962265184
3384340117
702042154
713595143
2035067965
1030540506
2076446633
739925488
2096102626
3257164373
2459281194
3689043168
1160098161
3493840334
3928980151
2774985460
3725174383
148518127
283964701
1647220261
2029417485
2282782070
1742731570
3436880596
3607227795
2156084246
678244333
779831572
3970103628
99510009
2858646843
1511764052
3277422273
635943134
3811129758
3753668154
2676148571
975208010
784465601
2066730550
1656209107
2209631272
1319067738
3464247062
845413200
4032654724
2997103678
1356562941
1500266206
1017368871
4205974479
2237413463
1830323898
1096021637
3114751303
1858785165
2962154949
2279678419
2092952553
1114134626
3114026460
494424920
195413968
1586151023
1403083373
2899456090
4004535617
2033805412
2764133169
3359018662
840766942
458567054
2446091531
2300382506
1815191955
1340705298
1634768432
1516372914
4272616159
2544617757
2695254680
269198895
2565185701
550754866
1165665743
1056804797
25730702
918564290
378311197
3342102065
398001524
4180079658
1274636737
3008307422
337708035
1353806111
1904746777
1183003936
305901336
508317469
2436897272
1313774460
3501853956
3029580229
2446225172
3162297392
3054119935
2249430417
3646713220
1984980122
371644153
541952715
969003268
1810072169
3025403138
1522161215
153435526
3877039382
2290396348
3393122170
2441852937
681898766
3243953370
2059195221
2883245444
807539402
220011650
3669998124
2806592931
3692335110
387629507
4151752582
1851439151
895040324
1363176062
3982977996
3921709193
92499156
4092440248
2593847340
2749143866
2919201386
1111309421
2485747846
2896740836
890425428
357684384
1550730276
3225802945
2767987954
2489669400
3543942610
2843913153
2464836018
1135167178
3974209352
3775306342
4218460404
1042459935
2732155743
2047053895
1438092643
3324206004
745547809
1116635420
3818730865
4212598202
1875033710
571182432
1265963306
3953237670
3033603820
3326578804
1713093272
3411793890
2610849221
2184020284
1469163050
2209689297
1316988189
1932363019
3730734378
1874307178
4163152311
3855274068
3998664753
1672316347
2013584741
4108782244
2089895681
4043143858
1360435905
1975027037
2578356517
3853585303
3844163710
377444703
3266755626
410018662
3808918977
3279457246
1999391861
1710358178
4240417105
1268395385
153327241
4147157358
3707632687
1124338182
3094276623
3336340527
1488031372
709965798
4232127504
1623854447
3822397089
3441500579
600612621
3950245621
1178981704
3968557622
464376341
1774313882
2407626608
508528158
2438125503
1034074476
1252656208
4059273766
982689831
4013565781
3994060729
1429850036
1863699533
732641653
2585835109
963964255
4285136888
263234580
9247398
1992634924
1087136860
2795950146
2717700388
3964217852
1744759238
2930936132
983738025
3936922302
432108673
2702029985
2121892414
3550765706
1103168918
4089530216
68914553
4254195701
588233835
2539009749
2187050580
3705141367
2977083439
3341681053
992649072
1608563142
489767354
77786908
3059914045
2568553205
2937576616
1544569007
2961550995
2767056974
3638549878
3950419856
1385015351
3268689573
2252405641
2739464031
2790274972
3303346742
3107985673
1334827370
1193965691
2928211632
1436532580
3566767903
1490447429
2603581401
979675455
3132411658
3065737632
3728302099
2448336065
3938828923
1897149335
1785009433
1746155200
3115109101
2007623551
1936881750
2166850260
617465525
2450902801
1423809232
1743992518
1563763873
2495831195
3016910406
3238566740
2250828670
3474675820
3804305608
3941140123
3138507829
3398749582
2284967304
3236752169
1445169826
849031951
2159719467
3152381594
1831264782
260432322
5102190
1106291038
2671652986
923018899
4246980201
971565544
279334908
114044262
3456785098
3731370473
2980420452
1314832980
265890220
3580134455
3293399412
2352215215
3360226569
2158746735
2679276828
1571963547
3448378880
2498738199
2947658852
816449426
1732060001
3894574365
3212994744
994382825
866775973
2419809380
2056874631
2997207114
1248357963
716599546
781955664
916626123
2715546864
2003380795
3530338395
2337614779
3004354381
763333891
1251809990
2390034663
1544125588
178661337
3903832807
1705367808
140520817
751918437
906692070
4164302090
217219899
2669151854
4069491245
2668561302
1408111765
932144855
1495019063
463789261
1029084620
2686577571
2826934477
3393182757
3271951459
3016913168
3751872781
369868193
3736013003
183053610
3353583020
780488790
694042717
3605075890
922454556
4167329073
3296368348
4013746442
2446270350
1175815939
2087015230
745930967
2467973041
1195424953
671971480
4106189556
1288801409
1058987724
1428852896
357799588
1805198030
2054916415
620796779
3563538921
3217973165
2125022558
1942439087
1143744478
4208786936
2144308374
992520587
3679153657
3102808445
390997140
962951541
1104980348
3209302317
908782543
3474843560
1807946435
2292505974
1454583667
734682680
3907691707
4270648179
4091084021
2840931149
2060759671
2224995333
988013296
1971047981
3898863584
1038566385
8636146
1959358364
317880845
2248149846
4117527732
1684897481
1191003458
3348763330
435463709
1093714041
3507125781
1803635193
1834462795
3930311373
3616403120
744202731
4004905780
80185065
1743226984
2477422695
3202574793
505623623
3386106752
3218245051
2759851631
380205544
450474877
1680140187
3055513960
3121610651
445334486
372750437
1416002823
2981669588
1152912327
3339898363
1481152662
2631894243
534051008
2397910882
2347831197
1998028020
3560107233
2843821677
1526522048
1169828299
4293516531
3309301767
3387980307
3962469277
3379226049
2095152645
2789136723
1562972009
908707985
505466662
36173251
4148716795
3152299582
3012763645
3712542886
767158398
325471648
1090404335
549805646
1706610813
1388751251
1233605546
3475862516
589927641
982718765
2544598089
2125790489
1720799617
3429110908
1004925207
72090388
1378637740
582496536
3528419035
1857128484
250804446
2065928569
164471153
915462246
4021937152
2536999362
1668143199
3040185324
3587871659
1168265936
958466533
3582431562
3589114775
963029653
49719198
171142171
412554902
591183734
3563280584
2185483120
41497309
4235225974
728744008
2594021650
2528509186
2731933170
3902981582
2483624878
413334766
2811488697
2602963256
2277956262
4086342968
1711005110
74827987
2530747181
3721774333
1436501025
3598072855
1686514467
946395822
2689611020
3204786510
3350825335
3150431429
4140881077
2753248065
3140977189
1359422426
2672626701
825373900
2565051503
1075974713
3489125404
2425775549
2273440260
2399111065
1028535412
2008393458
850155050
2680672493
4142643742
1755551128
3136396857
577821123
1844453452
879042904
3981148820
782384219
3612653739
3233567104
3093777325
2808001839
3049397923
192821311
3664751599
3859082610
2998869404
1873818737
3662602994
2560610551
2923577717
637563041
1000133760
3868980141
436640456
256115582
3987240482
3595453611
2251006701
2988160821
90142524
4042045495
1996787931
2179539249
2968030334
618193295
2098515193
1621963805
1699901655
3949443194
2241920105
1736662222
1503441942
2878328602
1801415403
3872028329
955218023
1594326773
3542067063
2839098055
300465234
2010836809
964139149
2086623039
2435783081
4236281832
1171166599
4049409800
1943014833
4159100054
1667132068
1624778674
922827540
319220511
2482241727
778067809
290844681
2180334290
2106427462
1390540178
612944163
462742997
3340648046
366198834
4015705944
3408954197
2871130593
405928919
120653464
785756781
3283246472
2608899500
107461475
1930824093
660303878
4217735920
3281222918
2307936400
3117839407
2089728110
3257449368
2037329038
3194733120
1240599250
3995453117
262868743
2980564352
3098698759
2245308959
3235445087
1402294380
3508065994
1404924638
3350664330
113276729
276313308
575597678
2430294877
1536723936
1794705136
1893917325
1511533211
3910005664
2375173711
1646496423
395714173
1618142665
1823313867
4193442386
2527954287
3724144228
4198713482
2203479966
3824389914
2137836750
896804232
1393823487
3977733341
970807222
1708173107
3019400637
1769389807
3917056474
2783958328
435553028
4136082236
2848467973
2718101878
2576649943
2190317776
1709579145
2725271298
2607023285
3944646699
2929383213
3368060213
3446170275
3917442700
3428084792
2505271004
1521218242
719319859
426115528
2997888233
1534251723
3202586825
2349691188
3966550361
2395423282
3039616093
2485656972
2129457085
1162300785
111625637
647830989
2525337445
2691330598
3000841944
433136242
315090349
4274042242
682143071
2982295398
2330425133
2966204193
3956938754
2023109697
2460024307
4017525901
1910387811
1420716986
1090131839
273651906
1313923144
3600623813
3955907073
4110945924
2433890179
3482270108
921665465
3337500829
1852654722
703672516
1283344187
3778635902
472351589
4084504184
1820225553
243776135
11955363
3183811356
2816338220
4158203821
200394407
628644544
3903984465
3605226390
1608675832
2970805795
889972099
1887506824
950037880
3762214438
868698731
1101323021
156297801
2071435915
4014757923
4162492357
3854021128
818424149
3675335475
636343237
537027760
1618130553
373419732
809401549
915925875
931870283
4009851976
2364246481
3929140783
4259745682
2871193251
760920872
2995865974
2883929640
2250983634
925352902
1383011480
3254023403
4145906106
4155504103
3331823251
1457177726
946131952
379925159
1683090830
1880981672
95788461
186513432
1114615324
2501876391
2750384104
3520687939
3568705056
2713410089
590629760
3669302827
3665540824
3665630147
3887836391
1114434025
2023160226
1103718198
1698049867
1211146641
2786547445
712925494
732886768
4190600535
3395227469
267784341
574265185
756945418
2725998919
2691174526
385828581
3078595370
1743512144
487469255
1967484929
3623328428
792209876
3901886751
1453795551
4085205901
2465961722
1437650558
3181043223
2264317522
2419925008
3321769817
501014034
1477568356
2974596310
4065638012
494757736
4022251248
1853114945
2336754431
2660963886
1168849691
3476398481
61114917
4244954992
3134944820
1441187317
2783308672
2504625602
1268182781
433702119
3944441878
2265222328
67670813
880181392
280174537
3160096415
3009344069
1642352562
3825680743
737948629
3729371206
3777539202
3738408193
1461119515
4128653331
2665592020
2009494038
455016789
3420235594
2482848743
3051353787
2841118531
1131054604
1779948178
90197326
3479663848
1189936132
1716921308
1298234942
2088333942
4236163293
2214162081
1114474450
2210190747
975071085
3673190690
4137957097
2654170019
967419523
1244221204
3025000680
3022247083
2297246581
1433298502
265777088
1587721050
1139608110
1191580969
950940285
2802337925
2245298332
2624365004
2423426090
323936809
441627524
2748202446
2120177943
3801041356
2034749676
1580114857
2181004504
2504538467
4026774599
2890891697
2289879156
2986020059
562027428
2849185174
2166457761
3260650521
2890320789
1428570002
803286079
2720020229
756253482
1931617961
1089872852
4214964342
1748525471
3012502415
2666586980
166370064
3278164164
316638463
96745759
2766720182
4100181295
2177459496
3584769294
2112788672
4208523576
3300174365
687391935
2817797137
1344523329
2634171066
655915783
1494515205
1625537443
699271208
2574635024
4076647284
902974919
2296090693
3170222780
1011267165
1977669839
3275607811
1479765492
4095919774
2379221480
3933642358
281446034
2302124602
767609305
2111198704
4197110221
614025794
4149509949
219849724
1914835578
3896006599
1921050919
555003183
731379181
2050962193
1141853950
1566408558
2254585375
3273438275
2692195741
3765640675
646073957
4098861903
4254732446
4008484139
3297936625
3391848002
141524087
3483145302
1067742502
320585528
3670090274
4141358306
4139444119
1881766013
1838012012
1681408916
1519575622
1540656868
1284439374
1316397221
3195302164
1802020254
2299592844
4250594623
1882983156
3597557392
4096594909
4123947468
231881465
955198034
2312949955
1501343591
297566052
2458457121
715412503
2376256026
2912107414
2494332976
2379008565
469776942
3715297445
510458488
2001521568
3707138078
3115276788
79488148
719829050
1347339760
175707562
286511041
455995553
1295516927
539521991
1320829504
3880982907
3749396689
3780899933
2202828572
2283383625
1827315057
623991870
4264100285
3274103963
444824667
1093405160
2464420928
3835962209
1860741104
3785821117
3806815956
2918858951
890000978
467481443
3756109425
2347027884
2788494035
3235409690
2393868810
190635464
3368361872
4109468301
248681703
2332188152
291377760
9872880
3652189697
872617611
1330499403
1719481835
1244051225
664831478
3412506247
899582955
1580182236
4141782147
2879892994
2674888399
3198103226
1426635408
2555254137
3360877766
4232086315
284132611
2689176764
3761525654
499944464
1077037790
1545492459
1941878746
1468537539
3119424623
1437655902
4288876314
462556987
3331559869
2743684751
3337291689
1410214871
416245019
3616135240
3845945628
4056746345
4207090933
438271690
2794187230
2703597587
3372335841
2507005569
297241575
3724350074
2750279893
336159630
3370853022
727696133
1586721949
3844405080
350238951
2684276621
3155255187
106833881
977105843
2777580556
3692408657
2122543474
332055900
4275529464
4061728232
184622639
3676963986
148835635
979079467
4241453799
1212821398
1100607423
700128811
1611835942
3737061258
234296781
3858754947
1622938697
2177314629
3074782271
4146571435
3924784114
1268694197
3039666792
1069884848
2381191439
2690171050
802247116
680776707
2881818032
2122666629
3268291245
465314752
3424156472
422784845
2150370371
948070936
1353607459
2787666343
997151500
1128252478
1235373738
2003379672
56813360
3706689444
2791555953
1196761929
3964774844
4089262249
2480917543
3623433623
348313575
2034118789
545251168
3110668366
3822786899
1532426904
551252628
1798099124
2485099306
2885338481
1397408409
2786799149
4095218548
541130123
3350037903
4165054216
1780223303
3228387957
2048868464
2425250966
911245441
3674625996
1147631710
1483874762
4253354085
989863235
4082698683
1236950751
2225607903
2559899961
3079075465
4181377259
3166791560
1366078584
3235255130
2015433086
4275869026
1494001054
620991879
1576891199
2521429572
1874873335
117802019
467189890
2231441866
2440319684
4142099272
2565725378
2184734059
2989571524
2458285841
14318617
1113023390
2855360957
1969822347
3578821533
4192637958
1841230921
1348490165
1253178263
523362747
2136005036
1422260061
3507171691
2006435288
2812322918
3535435559
4067170178
1290331352
3802150117
627274324
1585575526
4247945512
2593138033
3476192228
1156014396
3168804804
396402785
3787513744
3804290282
2450870293
903326783
2696499019
1583123417
2778564546
1462967159
1708605162
3573856131
3186264796
2603631175
3288724409
3025180044
82188392
1328696344
4027756323
1199637896
228252526
2726174494
1586728088
2412186575
402205315
2663456047
2816187745
1468201914
2437103479
1431004166
2989759485
2311700023
3788653622
1518146910
313453766
3185228293
1615633276
1931200425
2888963316
305903187
2843780648
2356394226
2630062442
1101143738
326842135
3985649370
1493013988
3993131664
2072377545
2951644145
374044068
1095020323
1176809291
1818057982
1802244345
3045066859
2773406465
890258923
875662598
803117412
459746301
3355710669
3113190639
1381209511
1018695752
37476794
242841909
300860605
3061446672
2456774428
3155148342
2238671428
2510362895
4014842209
2703500090
5332074
3255158861
2337084374
337520840
1636189504
3432096157
1219375608
1286414292
2844880424
3935580729
726144405
49684416
3468413706
1080853233
1327630608
1393351626
3481695585
1628260918
453371403
3958171216
145583526
339061257
3078314226
1616103993
3342984358
1530810352
3153592342
3675428430
516379927
2967817217
689055199
4258539610
4199290080
2440879276
2634589250
4284659004
1961712312
1062325434
3255652559
467468635
1715088408
3243120505
150925497
713316472
1097871732
790169717
2474724419
2398718062
511891795
740997957
1992874648
1360651219
307451054
3014723466
542543447
2396127826
3316709175
390008814
378570819
262330043
1172529372
1148596418
3791912110
932429883
400981651
1247091158
1251481785
585845702
2409553517
483293467
3307072962
182644552
1638093584
2495127364
720563366
3960404576
2003414437
3110097312
2863366095
1785282875
82497895
1144376541
16772052
4060474667
3625292917
1633296878
3864284898
552642452
4138282361
2988737195
3401735815
1640451441
1664723265
2562763351
3243954568
3623989989
1082131081
3028924912
3154532254
2230967572
458526894
2882970915
4184011834
2703704177
2177215682
691892637
3142305677
1328679240
3611739458
680680004
1007856613
1907398942
1777092045
1915357849
3800872644
3620187465
3273224368
1679762185
2977337064
2668175889
1060134631
4103806273
30554557
3627089786
3742530322
4101311159
1883426160
1739010083
1553190277
2543263851
429006266
787817245
2115822916
889059497
97974362
1786629615
2922198755
1246455535
3789908010
1546547485
3380316869
3275760028
4045044140
721900557
919277895
2089374532
1149904070
144205168
987225399
95788789
690925892
2480946841
2329568268
2773865976
3786543035
2083571357
562908091
2693494930
2514099869
1844354363
1420521625
3145755885
2326539435
661225034
576340417
4288117313
2464415310
3944151382
3506241162
3176488963
3310309330
451356095
3041858805
3527644762
1897873564
529178927
1390157903
743893657
1313019747
2362658212
2769960725
2358492463
4133605224
2207953779
3201530444
2366008729
2467168271
1472001903
2459546194
3829033671
3644229352
1915046835
241727612
3905554429
939290808
2013583433
1875063528
1421951556
1215055557
2894834694
3504799760
1288903107
2412574336
2464433534
81721632
2645987225
1668091048
3594085462
2777253711
1226344173
674763201
1828453105
1828986099
1106735792
3211526879
4156595831
3302658152
1952959170
1061306106
1869481067
2583520423
134288366
3831422545
4252908437
1954350916
3867098065
1197157759
697993197
3429018309
2086087711
3485733909
920083244
2503473873
3175020621
1733510241
3427941597
488033441
1828239913
1900456627
3623514169
408001904
2598069577
4179419181
2947857934
4178107762
1843441033
756919990
2034305553
2185406773
573917147
224394024
3431209590
2656186067
1419761289
1582212872
2517755589
1857253610
2100150744
3822527742
1092694698
2710976229
3187443294
3484778130
291047404
147408764
3658931934
1972367187
3473007366
1757122334
2293010115
1105244118
2878722558
2462324348
3912196732
3956885065
1590168018
2985329895
1444121475
3904227934
2406313390
3807457545
1596982030
606752935
2011285353
168225746
270252890
4009004934
3352819678
3806711852
1994740848
884262013
3367283756
1443970351
1628948987
4017828495
3302243634
252559164
1792998402
3772771570
2758124670
1315256087
934952089
2086963180
3669362315
4220067669
4247322520
613132107
2149830151
4258753269
1176012602
2565680749
3254398487
3429064282
4078778074
2904303507
1997184012
1129939619
2227034703
1043726390
363861268
3120867645
2537375562
1617317589
3348356744
1423521003
2932949356
3653714312
3614514863
2483587183
891070369
3512194961
1385602441
914300212
3259802825
3387980017
3958262042
1012626565
2656992869
3447762409
517464091
1177547926
2201727038
3857635794
2550277931
648511768
2814804403
3496158731
3576285704
3026313315
4178826906
4108952101
190684832
3725818060
2840530695
2409103757
1176609665
38396006
3994668016
868150016
3569048186
2136274751
56304213
1891523259
3796877520
2303229658
1909670708
3533092012
1722994594
1007058271
2498555964
222295892
1075338270
4089073158
1468913843
1985494525
2600608139
3663620150
1106723635
3051395546
2567818074
3255365883
3052356964
3118198600
797273150
875255266
1975114878
3945285213
1290054505
3356395458
1738701734
2801231498
1084373216
3055380670
2619963796
3851328939
1559426235
2916413829
2365664046
1029463079
3579382144
3815532085
2809285089
243187929
3980329377
1838361100
165857266
4114384740
1423728042
3502355178
2340481114
2217237858
3391619000
3607860680